Average time solving:
1 -- 0.0
2 -- 0.0
3 -- 0.1
4 -- 0.1
5 -- 0.0
6 -- 0.0
7 -- 0.1
8 -- 0.1
9 -- 0.0
10 -- 0.0
11 -- 0.1
12 -- 0.1
13 -- 0.0
14 -- 0.0
15 -- 0.1
16 -- 0.0
17 -- 0.0
18 -- 0.1
19 -- 0.0
20 -- 0.1
21 -- 0.0
22 -- 0.1
23 -- 0.1
24 -- 0.0
25 -- 0.1
26 -- 0.1
27 -- 0.1
28 -- 0.1
29 -- 0.1
30 -- 0.0
31 -- 0.1
32 -- 0.0
33 -- 0.1
34 -- 0.0
35 -- 0.1
36 -- 0.2
37 -- 0.0
38 -- 0.1
39 -- 0.1
40 -- 0.1
41 -- 0.3
42 -- 0.2
43 -- 0.2
44 -- 0.3
45 -- 1.1
46 -- 1.0
47 -- 1.0
48 -- 2.6
49 -- 2.8
50 -- 2.8
51 -- 5.6
52 -- 4.2
53 -- 1.6
54 -- 3.6
55 -- 4.5
56 -- 7.4
57 -- 2.5
58 -- 31.2
59 -- 3.8
60 -- 49.0
61 -- 3772.9
62 -- 1763.0
63 -- 13.6
64 -- 10.2
65 -- 216.8
66 -- 94.0
67 -- 613660.8
68 -- 3413.1
69 -- 0.0
70 -- 3.2
71 -- 0.0
72 -- 0.0
73 -- 0.0
74 -- 0.0
75 -- 0.0
76 -- 1.5
77 -- 0.0
78 -- 0.0
79 -- 0.0
80 -- 0.0
The most complex sudoku to solve: 
[0, 0, 0, 0, 0, 0, 0, 0, 0]
[0, 0, 0, 0, 0, 0, 0, 2, 0]
[0, 0, 0, 0, 0, 0, 0, 0, 0]
[0, 0, 0, 0, 0, 0, 0, 0, 6]
[2, 0, 0, 9, 0, 6, 0, 0, 0]
[0, 0, 0, 0, 0, 0, 0, 0, 0]
[0, 0, 9, 4, 0, 0, 0, 0, 0]
[5, 0, 8, 0, 0, 0, 0, 0, 0]
[4, 0, 7, 2, 0, 0, 0, 6, 9]
Its solution: 
[1, 3, 2, 5, 4, 7, 6, 9, 8]
[6, 7, 4, 1, 8, 9, 3, 2, 5]
[8, 9, 5, 3, 6, 2, 1, 4, 7]
[7, 4, 1, 8, 2, 3, 9, 5, 6]
[2, 5, 3, 9, 1, 6, 7, 8, 4]
[9, 8, 6, 7, 5, 4, 2, 3, 1]
[3, 6, 9, 4, 7, 5, 8, 1, 2]
[5, 2, 8, 6, 9, 1, 4, 7, 3]
[4, 1, 7, 2, 3, 8, 5, 6, 9]

Process finished with exit code 0
